g 30 35
r 1 1 0
r 1 1 0
r 2 2 0
r 2 2 0
r 6 0
r 7 0
r 8 0
r 5 8 6 0
r 6 15 0
r 6 14 0
r 6 14 0
r 6 13 0
r 7 9 0
r 8 10 0
r 8 11 0
r 8 12 0
r 8 13 0
r 8 14 0
r 8 14 0
r 8 15 0
r 9 15 0
r 9 16 0
r 9 16 0
r 26 0
r 26 0
r 20 5 0
r 19 5 0
r 19 5 0
r 18 5 0
r 20 5 0
c 1 0
c 1 0
c 2 0
c 3 0
c 4 0
c 18 0
c 20 0
c 21 0
c 21 0
c 20 0
c 19 0
c 18 0
c 17 0
c 10 0
c 7 0
c 1 9 0
c 2 11 0
c 3 12 0
c 4 13 0
c 5 14 0
c 5 15 0
c 6 16 0
c 12 17 0
c 5 22 0
c 26 0
c 25 1 0
c 24 1 0
c 23 1 0
c 23 0
c 22 0
c 22 0
c 8 4 0
c 3 0
c 2 0
c 1 0
