g 40 50
r 23 0
r 19 6 0
r 8 3 0
r 3 2 0
r 3 7 9 2 0
r 3 2 4 2 2 0
r 2 2 0
r 1 1 0
r 1 6 2 0
r 2 4 10 2 0
r 2 7 2 8 1 3 0
r 2 2 10 2 10 1 3 0
r 5 4 4 2 6 2 0
r 2 4 1 2 4 3 2 0
r 2 8 2 6 1 2 2 0
r 2 1 4 2 3 2 1 0
r 2 1 2 4 7 2 1 0
r 2 3 4 1 2 4 6 2 0
r 4 3 5 4 1 5 2 1 2 0
r 1 4 4 2 8 3 3 0
r 2 6 2 5 7 3 0
r 2 23 7 3 0
r 1 5 12 2 6 2 2 0
r 1 4 2 2 1 9 2 2 0
r 1 26 4 1 0
r 1 24 2 2 0
r 1 20 2 3 1 0
r 1 17 2 3 2 0
r 2 5 2 1 1 4 2 0
r 2 5 2 2 1 5 1 2 0
r 2 22 2 2 3 0
r 2 16 4 3 0
r 2 4 4 0
r 2 1 5 4 0
r 2 2 5 4 0
r 2 4 4 0
r 2 4 0
r 2 6 0
r 2 8 0
r 16 0
c 5 0
c 8 0
c 3 5 9 0
c 2 1 1 18 0
c 5 2 1 2 0
c 3 1 2 1 2 0
c 2 2 11 1 1 0
c 2 17 1 1 0
c 2 2 14 2 1 0
c 2 2 12 1 1 0
c 1 2 2 2 7 1 1 0
c 2 3 2 12 1 1 0
c 2 3 2 1 7 2 1 0
c 2 3 2 2 8 1 0
c 2 3 2 2 8 1 0
c 2 2 3 2 4 2 1 0
c 2 1 3 5 7 2 1 0
c 2 2 5 13 1 0
c 2 1 2 1 4 4 3 2 0
c 2 1 2 1 2 4 2 2 0
c 2 1 2 4 2 2 0
c 2 1 1 7 2 1 0
c 2 1 1 2 8 1 2 0
c 2 2 1 2 1 3 2 1 2 0
c 2 1 3 1 1 1 3 2 1 2 0
c 2 1 2 1 1 3 3 2 2 2 0
c 2 2 1 2 6 2 2 2 2 0
c 2 1 2 2 2 6 2 1 2 0
c 2 1 4 9 2 2 2 0
c 2 1 4 2 8 2 2 0
c 1 1 5 1 3 2 2 2 0
c 1 1 6 2 3 2 2 2 0
c 1 1 4 2 2 2 2 2 2 0
c 1 1 3 1 2 3 2 2 2 0
c 2 2 3 1 8 2 2 0
c 2 1 2 1 10 1 2 0
c 2 2 2 2 2 3 0
c 2 2 2 2 5 1 2 0
c 2 2 1 5 2 0
c 2 2 2 3 1  0
c 2 1 7 2 0
c 3 1 4 2 0
c 3 2 2 2 0
c 4 2 1 3  0
c 3 6 3 0
c 3 4 3 0
c 2 4 0
c 2 3 0
c 3 4 0
c 6 0
