g 45 50
r 5 0
r 6 0
r 7 0
r 9 0
r 9 0
r 9 0
r 2 4 0
r 13 2 0
r 18 1 0
r 23 0
r 26 0
r 28 0
r 30 0
r 32 0
r 34 0
r 7 25 0
r 2 3 26 0
r 37 0
r 8 29 0
r 8 23 5 0
r 8 21 8 0
r 7 8 1 12 0
r 1 3 5 6 3 4 0
r 2 3 6 4 2 0
r 5 10 4 3 0
r 5 6 0
r 5 1 0
r 2 3 4 0
r 5 2 5 0
r 7 1 6 0
r 8 1 6 0
r 18 0
r 10 7 0
r 2 7 6 0
r 4 5 2 0
r 3 7 3 1 0
r 4 4 3 2  0
r 4 3 2 4 7 0
r 5 6 19 6 0
r 7 10 6 2 2  0
r 11 19 8 1 0
r 10 37 0
r 49  0
r 48 1 0
r 46 0
c 3 1 4 0
c 2 2 1 4 0
c 4 1 1 4 0
c 5 1 2 4 0
c 6 1 1 6 0
c 1 6 2 1 6 0
c 9 1 2 7 0
c 4 4 2 1 7 0
c 5 4 1 2 8 0
c 5 3 2 2 8 0
c 9 3 2 4 3 0
c 8 4 2 4 0
c 13 1 6 0
c 6 5 1 7 0
c 7 6 1 8 0
c 14 1 8 0
c 15 1 7 0
c 14 2 2 7 0
c 14 3 9 0
c 14 3 2 6 0
c 19 2 6 0
c 14 4 8 0
c 14 3 1 5 0
c 14 2 7 0
c 15 2 7 0
c 16 1 7 0
c 2 14 1 7 0
c 3 14 1 7 0
c 3 14 7 0
c 4 14 1 5 0
c 5 14 1 5 0
c 6 12 1 1 4 0
c 6 11 2 3 1 4 0
c 7 11 2 6 1 4 0
c 5 12 4 8 1 5 0
c 4 9 2 1 9 1 5 0
c 2 10 2 7 1 1 5 0
c 1 9 2 8 1 5 0
c 1 9 10 7 0
c 8 3 5 8 0
c 7 3 4 1 5 0
c 9 2 1 5 0
c 8 2 4 0
c 2 2 3 5 0
c 8 2 4 0
c 7 2 4 0
c 7 1 4 0
c 7 1 4 0
c 7 2 1 1 0
c 7 1 2 0
